[0.96879079]
[0.04229253]
[0.48914539]
[0.97835219]
[0.96879079]
[0.99858057]
[0.68278846]
[0.03030835]
[0.95480463]
[0.99927078]
[0.97952283]
[0.86954652]
[0.96879079]
[0.16717482]
[0.02101695]
[0.98846267]
[0.97835219]
[0.54082259]
[0.16717482]
[0.08108887]
[0.05638544]
[0.02702208]
[0.97835219]
[0.97835219]
[0.80020862]
[0.97835219]
[0.97835219]
[0.96879079]
[0.66997725]
[0.98794637]
[0.54082259]
[0.99689255]
[0.94286241]
[0.97835219]
[0.98851389]
[0.01302109]
[0.0406039]
[0.96879079]
[0.98794637]
[0.9999388]
[0.96879079]
[0.47838304]
[6.08591952e-05]
[0.02101695]
[0.97835219]
[0.96879079]
[0.99957485]
[0.98510615]
[0.99976363]
[0.13432334]
[0.48914539]
[0.92380395]
[0.97591273]
[0.97835219]
[0.98794637]
[0.96879079]
[0.97591273]
[0.97835219]
[0.96879079]
[0.84799066]
[0.98794637]
[0.97835219]
[0.99689255]
[0.5551343]
[0.12104984]
[0.98794637]
[0.1842775]
[0.13432334]
[0.0406039]
[0.02101695]
[0.97835219]
[0.69145725]
[0.96879079]
[0.96879079]
[0.94827838]
[0.97951655]
[0.66499168]
[0.13432334]
[0.96879079]
[0.03030835]
[0.017023]
[0.99999969]
[0.98136529]
[0.94827838]
[0.98851389]
[0.98794637]
[0.1842775]
[0.02702208]
[0.69145725]
[0.99168952]
[0.97835219]
[0.96879079]
[0.96879079]
[0.7978104]
[0.96879079]
[0.98794637]
[0.98427851]
[0.06290582]
[0.89278983]
[0.97046287]
[0.00431583]
[0.97835219]
[0.25808872]
[0.9999844]
[0.00862841]
[0.96879079]
[0.06168]
[0.6159143]
[1.00239119e-05]
[0.97835219]
[0.97835219]
[0.99457919]
[0.84799066]
[0.97835219]
[0.02702208]
[0.1842775]
[0.89278983]
[0.96879079]
[0.99999969]
[0.99689255]
[0.99457919]
[0.0406039]
[0.09621522]
[0.97835219]
[0.96388982]
[0.31616671]
[0.95040854]
[0.47255478]
[0.98794637]
[0.97835219]
[0.99999784]
[0.99909825]
[0.99998551]
[0.9600397]
[0.43640206]
[0.98846267]
[0.13432334]
[0.96879079]
[0.96879079]
[0.98794637]
[0.97835219]
[0.96879079]
[0.13926044]
[0.43640206]
[0.00253831]
[0.31091112]
[0.09621522]
[0.96879079]
[0.69145725]
[0.96879079]
[0.97952283]
[0.98427851]
[0.96762329]
[0.98427851]
[0.99985893]
[0.1842775]
[0.18216744]
[0.1842775]
[0.45918793]
[0.47255478]
[0.96879079]
[0.0406039]
[0.96879079]
[0.54082259]
[0.99999989]
[0.0406039]
[0.02101695]
[0.50768357]
[0.97952283]
[0.31616671]
[0.79599275]
[0.96879079]
[0.05708841]
[0.97835219]
[0.00973191]
[0.96879079]
[0.99325851]
[0.13432334]
[0.999998]
[0.76215589]
[0.13432334]
[0.99921387]
[0.02099408]
[0.94351107]
[0.43640206]
[0.04208467]
[0.02099408]
[0.99999807]
[0.96879079]
[0.99848569]
[0.99794003]
[0.47255478]
[0.99689255]
[0.96762329]
[0.97835219]
[0.95040854]
[0.96879079]
[0.9471026]
[0.4075919]
[0.96879079]
[0.13432334]
[0.99689255]
[0.04208467]
[0.2517078]
[0.97835219]
[0.99457919]
[0.97835219]
[0.99457919]
[0.40248796]
[0.96879079]
[0.56784114]
[0.96879079]
[0.99168952]
[0.99991796]
[0.69145725]
[0.02702208]
[0.1842775]
[0.97835219]
[0.99995877]
[0.99999989]
[0.99692902]
[0.50852724]
[0.98427851]
[0.6159143]
[0.54082259]
[0.96879079]
[0.13432334]
[0.94987653]
[0.96879079]
[0.98427851]
[0.96879079]
[0.99457919]
[0.99595566]
[0.97835219]
[0.96879079]
[0.95855273]
[0.96879079]
[0.96879079]
[0.97667064]
[0.02101695]
[0.96879079]
[0.98794637]
[0.51867304]
[0.9789162]
[0.99999993]
[0.96879079]
[0.99103448]
[0.47838304]
[0.97835219]
[0.97835219]
[0.99999952]
[0.99982564]
[0.99457919]
[0.98794637]
[0.03030835]
[0.18216744]
[0.97835219]
[0.97046287]
[0.97835219]
[0.96879079]
[0.98794637]
[0.99998352]
[0.97835219]
[0.96879079]
[0.02399239]
[0.01451535]
[0.96879079]
[0.96879079]
[0.99487693]
[0.54082259]
[0.96879079]
[0.96879079]
[0.96879079]
[0.96879079]
[0.96879079]
[0.98794637]
[0.98794637]
[0.96879079]
[0.97835219]
[0.96879079]
[0.96879079]
[0.04208467]
[0.97046287]
[0.13432334]
[0.97835219]
[0.96879079]
[0.96879079]
[0.26213298]
[0.96879079]
[0.69145725]
[0.05708841]
[0.99999964]
[0.99168952]
[0.99141993]
[0.39428086]
[0.16717482]
[0.96879079]
[0.03030835]
[0.96879079]
[0.10407219]
[0.02101695]
[0.99976363]
[0.93474833]
[0.96879079]
[0.1842775]
[0.58873002]
[0.99457919]
[0.47255478]
[0.47255478]
[0.47255478]
[0.71749859]
[0.84799066]
[0.99976363]
[0.92380395]
[0.43640206]
[0.97835219]
[0.02470798]
[0.96879079]
[0.99959026]
[0.82126232]
[0.0217832]
[0.98427851]
[0.5551343]
[0.97835219]
[0.07502386]
[0.342248]
[0.96879079]
[0.54082259]
[0.99901679]
[0.43640206]
[0.99999996]
[0.13432334]
[0.0002948]
[0.95040854]
[0.41718667]
[0.96879079]
[0.98794637]
[0.16717482]
[0.98851389]
[0.02101695]
[0.99457919]
[0.98794637]
[0.97046287]
[0.45918793]
[0.97591273]
[0.98846267]
[0.9471026]
[0.99932191]
[0.18216744]
[0.70037355]
[0.96879079]
[0.99993115]
[0.0406039]
[0.98851389]
[0.01121206]
[0.00086827]
[0.9789162]
[0.23995382]
[0.99796819]
[0.97591273]
[0.99246588]
[0.88129614]
[0.94286241]
[0.99882035]
[0.96879079]
[0.02737837]
[0.67739548]
[0.92380395]
[0.97835219]
[0.9999866]
[0.96879079]
[0.89278983]
[0.98427851]
[0.48914539]
[0.58873002]
[0.6159143]
[0.96879079]
[0.96879079]
[0.47255478]
[0.96879079]
[0.16717482]
[0.18216744]
[0.98794637]
[0.96388982]
[0.47255478]
[0.47255478]
[0.96879079]
[0.96879079]
[0.90924335]
[0.96879079]
[0.31616671]
[0.04208467]
[0.99990503]
[0.12104984]
[0.96879079]
[0.9991489]
[0.00067335]
[0.99999973]
[0.97835219]