[0.97979003]
[0.90342974]
[0.7410464]
[0.97979003]
[0.97979003]
[0.99613437]
[0.9400298]
[0.36361959]
[0.98535976]
[0.99013922]
[0.98051687]
[0.9270828]
[0.97979003]
[0.82037559]
[0.36361959]
[0.98718368]
[0.97979003]
[0.97804033]
[0.72854116]
[0.98674276]
[0.96294321]
[0.71136887]
[0.97979003]
[0.97979003]
[0.9400298]
[0.97979003]
[0.97979003]
[0.97979003]
[0.91527801]
[0.98718368]
[0.97804033]
[0.97979003]
[0.98864104]
[0.97979003]
[0.96706502]
[0.46333212]
[0.95204026]
[0.97979003]
[0.98864104]
[0.99140577]
[0.97979003]
[0.60812849]
[0.40824802]
[0.36361959]
[0.97979003]
[0.97979003]
[0.99688886]
[0.99086327]
[0.99778781]
[0.60812849]
[0.7410464]
[0.96706502]
[0.86478503]
[0.97979003]
[0.98864104]
[0.97979003]
[0.86478503]
[0.97979003]
[0.97979003]
[0.9400298]
[0.98864104]
[0.97979003]
[0.97979003]
[0.88751129]
[0.70021034]
[0.98864104]
[0.60812849]
[0.60812849]
[0.95204026]
[0.49299354]
[0.97979003]
[0.87479985]
[0.97979003]
[0.97979003]
[0.98535976]
[0.99528854]
[0.91857005]
[0.60812849]
[0.97979003]
[0.32980636]
[0.92536898]
[0.98809862]
[0.98253355]
[0.98535976]
[0.96706502]
[0.98864104]
[0.57201559]
[0.7410464]
[0.87479985]
[0.98864104]
[0.97979003]
[0.97979003]
[0.97979003]
[0.98254557]
[0.97979003]
[0.98864104]
[0.99401921]
[0.87479985]
[0.96706502]
[0.98051687]
[0.56909915]
[0.97979003]
[0.93138353]
[0.9999108]
[0.84594089]
[0.97979003]
[0.98722281]
[0.43989674]
[0.8649058]
[0.97979003]
[0.97979003]
[0.97979003]
[0.9400298]
[0.97979003]
[0.62709018]
[0.60812849]
[0.96706502]
[0.97979003]
[0.98809862]
[0.97979003]
[0.97979003]
[0.95204026]
[0.44247033]
[0.97979003]
[0.98348844]
[0.55760486]
[0.98254557]
[0.88751129]
[0.98864104]
[0.97979003]
[0.99994411]
[0.87099184]
[0.99308934]
[0.98718368]
[0.40600268]
[0.98864104]
[0.60812849]
[0.97979003]
[0.97979003]
[0.98864104]
[0.97979003]
[0.97979003]
[0.86111718]
[0.40600268]
[0.89577235]
[0.78201177]
[0.44247033]
[0.97979003]
[0.87479985]
[0.97979003]
[0.98051687]
[0.99401921]
[0.98864104]
[0.99401921]
[0.99992863]
[0.47696422]
[0.97722325]
[0.47696422]
[0.04011906]
[0.88751129]
[0.97979003]
[0.95204026]
[0.97979003]
[0.97804033]
[0.99991692]
[0.95204026]
[0.36361959]
[0.9412948]
[0.98051687]
[0.55760486]
[0.98867577]
[0.97979003]
[0.93188642]
[0.97979003]
[0.76095952]
[0.97979003]
[0.98858926]
[0.60812849]
[0.99991267]
[0.878557]
[0.47696422]
[0.99588068]
[0.36361959]
[0.98864104]
[0.40600268]
[0.86347328]
[0.36361959]
[0.99291993]
[0.97979003]
[0.99308934]
[0.98864104]
[0.88751129]
[0.97979003]
[0.98864104]
[0.97979003]
[0.98254557]
[0.97979003]
[0.98824965]
[0.66794982]
[0.97979003]
[0.60812849]
[0.97979003]
[0.86347328]
[0.06760547]
[0.97979003]
[0.97979003]
[0.97979003]
[0.97979003]
[0.97804033]
[0.97979003]
[0.91225738]
[0.97979003]
[0.98718368]
[0.76486985]
[0.87479985]
[0.62709018]
[0.60812849]
[0.97979003]
[0.99613437]
[0.99991692]
[0.98535976]
[0.89462548]
[0.99401921]
[0.57201559]
[0.97804033]
[0.97979003]
[0.60812849]
[0.98867577]
[0.97979003]
[0.99401921]
[0.97979003]
[0.97979003]
[0.99501261]
[0.97979003]
[0.97979003]
[0.91888245]
[0.97979003]
[0.97979003]
[0.9702671]
[0.45576585]
[0.97979003]
[0.98864104]
[0.49299354]
[0.97979003]
[0.99995584]
[0.97979003]
[0.98321727]
[0.60812849]
[0.97979003]
[0.97979003]
[0.99996733]
[0.99154651]
[0.97979003]
[0.98864104]
[0.32980636]
[0.97722325]
[0.97979003]
[0.98051687]
[0.97979003]
[0.97979003]
[0.98864104]
[0.99440097]
[0.97979003]
[0.97979003]
[0.73816645]
[0.33211778]
[0.97979003]
[0.97979003]
[0.98051687]
[0.97804033]
[0.97979003]
[0.97979003]
[0.97979003]
[0.97979003]
[0.97979003]
[0.98864104]
[0.98864104]
[0.97979003]
[0.97979003]
[0.97979003]
[0.97979003]
[0.86347328]
[0.98051687]
[0.43989674]
[0.97979003]
[0.97979003]
[0.97979003]
[0.93919547]
[0.97979003]
[0.87479985]
[0.93188642]
[0.9998643]
[0.98644892]
[0.98644892]
[0.89309581]
[0.79730283]
[0.97979003]
[0.36361959]
[0.97979003]
[0.86111718]
[0.36361959]
[0.99778781]
[0.88667795]
[0.97979003]
[0.47696422]
[0.90342974]
[0.97979003]
[0.88751129]
[0.88751129]
[0.88751129]
[0.76560566]
[0.9400298]
[0.99750102]
[0.96706502]
[0.40600268]
[0.97979003]
[0.6708015]
[0.97979003]
[0.99715729]
[0.66402793]
[0.81339633]
[0.99401921]
[0.88751129]
[0.97979003]
[0.96706502]
[0.29985364]
[0.97979003]
[0.97804033]
[0.99334113]
[0.43989674]
[0.98809862]
[0.60812849]
[0.90096415]
[0.98254557]
[0.90342974]
[0.97979003]
[0.98864104]
[0.82037559]
[0.96706502]
[0.36361959]
[0.97979003]
[0.98864104]
[0.98051687]
[0.09061562]
[0.86478503]
[0.98718368]
[0.98824965]
[0.83471699]
[0.97722325]
[0.71964349]
[0.97979003]
[0.98864104]
[0.95204026]
[0.96706502]
[0.8426354]
[0.89223149]
[0.97979003]
[0.87479985]
[0.99248221]
[0.86478503]
[0.98348844]
[0.99144064]
[0.98864104]
[0.99467947]
[0.97979003]
[0.38521903]
[0.93919547]
[0.96706502]
[0.97979003]
[0.99635275]
[0.97979003]
[0.96706502]
[0.99401921]
[0.62709018]
[0.90342974]
[0.57201559]
[0.97979003]
[0.97979003]
[0.88751129]
[0.97979003]
[0.72854116]
[0.97722325]
[0.98864104]
[0.98535976]
[0.88751129]
[0.88751129]
[0.97979003]
[0.97979003]
[0.90035482]
[0.97979003]
[0.55760486]
[0.86347328]
[0.99714113]
[0.70021034]
[0.97979003]
[0.83471699]
[0.70775918]
[0.99991692]
[0.97979003]